#z = À=253; B=2; C=4
1.000 30.240
1.004 30.062
1.008 29.883
1.012 29.704
1.016 29.525
1.020 29.345
1.024 29.166
1.028 28.986
1.032 28.806
1.036 28.626
1.040 28.446
1.044 28.266
1.048 28.086
1.052 27.907
1.056 27.727
1.060 27.548
1.064 27.369
1.068 27.191
1.072 27.012
1.076 26.834
1.080 26.657
1.084 26.479
1.088 26.303
1.092 26.126
1.096 25.951
1.100 25.775
1.104 25.601
1.108 25.426
1.112 25.253
1.116 25.080
1.120 24.908
1.124 24.736
1.128 24.565
1.132 24.394
1.136 24.225
1.140 24.056
1.144 23.887
1.148 23.720
1.152 23.553
1.156 23.387
1.160 23.222
1.164 23.057
1.168 22.893
1.172 22.730
1.176 22.568
1.180 22.407
1.184 22.246
1.188 22.086
1.192 21.927
1.196 21.769
1.200 21.612
1.204 21.456
1.208 21.300
1.212 21.146
1.216 20.992
1.220 20.839
1.224 20.687
1.228 20.535
1.232 20.385
1.236 20.235
1.240 20.087
1.244 19.939
1.248 19.792
1.252 19.646
1.256 19.501
1.260 19.357
1.264 19.213
1.268 19.071
1.272 18.929
1.276 18.789
1.280 18.649
1.284 18.510
1.288 18.372
1.292 18.234
1.296 18.098
1.300 17.963
1.304 17.828
1.308 17.694
1.312 17.561
1.316 17.429
1.320 17.298
1.324 17.168
1.328 17.039
1.332 16.910
1.336 16.783
1.340 16.656
1.344 16.530
1.348 16.405
1.352 16.280
1.356 16.157
1.360 16.034
1.364 15.913
1.368 15.792
1.372 15.672
1.376 15.552
1.380 15.434
1.384 15.316
1.388 15.199
1.392 15.083
1.396 14.968
1.400 14.854
1.404 14.740
1.408 14.628
1.412 14.516
1.416 14.404
1.420 14.294
1.424 14.184
1.428 14.075
1.432 13.967
1.436 13.860
1.440 13.754
1.444 13.648
1.448 13.543
1.452 13.439
1.456 13.335
1.460 13.232
1.464 13.130
1.468 13.029
1.472 12.929
1.476 12.829
1.480 12.730
1.484 12.631
1.488 12.534
1.492 12.437
1.496 12.341
1.500 12.245
1.504 12.150
1.508 12.056
1.512 11.963
1.516 11.870
1.520 11.778
1.524 11.687
1.528 11.596
1.532 11.506
1.536 11.417
1.540 11.328
1.544 11.240
1.548 11.153
1.552 11.066
1.556 10.980
1.560 10.894
1.564 10.810
1.568 10.725
1.572 10.642
1.576 10.559
1.580 10.477
1.584 10.395
1.588 10.314
1.592 10.234
1.596 10.154
1.600 10.075
1.604 9.996
1.608 9.918
1.612 9.840
1.616 9.764
1.620 9.687
1.624 9.612
1.628 9.536
1.632 9.462
1.636 9.388
1.640 9.315
1.644 9.242
1.648 9.169
1.652 9.098
1.656 9.026
1.660 8.956
1.664 8.886
1.668 8.816
1.672 8.747
1.676 8.678
1.680 8.610
1.684 8.543
1.688 8.476
1.692 8.409
1.696 8.343
1.700 8.278
1.704 8.213
1.708 8.148
1.712 8.084
1.716 8.021
1.720 7.958
1.724 7.896
1.728 7.834
1.732 7.772
1.736 7.711
1.740 7.650
1.744 7.590
1.748 7.530
1.752 7.471
1.756 7.413
1.760 7.354
1.764 7.296
1.768 7.239
1.772 7.182
1.776 7.125
1.780 7.069
1.784 7.014
1.788 6.959
1.792 6.904
1.796 6.849
1.800 6.795
1.804 6.742
1.808 6.689
1.812 6.636
1.816 6.584
1.820 6.532
1.824 6.480
1.828 6.429
1.832 6.379
1.836 6.328
1.840 6.278
1.844 6.229
1.848 6.180
1.852 6.131
1.856 6.083
1.860 6.035
1.864 5.987
1.868 5.940
1.872 5.893
1.876 5.846
1.880 5.800
1.884 5.755
1.888 5.709
1.892 5.664
1.896 5.619
1.900 5.575
1.904 5.531
1.908 5.487
1.912 5.444
1.916 5.401
1.920 5.358
1.924 5.316
1.928 5.274
1.932 5.232
1.936 5.191
1.940 5.150
1.944 5.109
1.948 5.069
1.952 5.029
1.956 4.989
1.960 4.949
1.964 4.910
1.968 4.871
1.972 4.833
1.976 4.795
1.980 4.757
1.984 4.719
1.988 4.682
1.992 4.645
1.996 4.608
2.000 4.571
2.004 4.535
2.008 4.499
2.012 4.464
2.016 4.428
2.020 4.393
2.024 4.359
2.028 4.324
2.032 4.290
2.036 4.256
2.040 4.222
2.044 4.189
2.048 4.156
2.052 4.123
2.056 4.090
2.060 4.058
2.064 4.025
2.068 3.994
2.072 3.962
2.076 3.931
2.080 3.899
2.084 3.869
2.088 3.838
2.092 3.807
2.096 3.777
2.100 3.747
2.104 3.718
2.108 3.688
2.112 3.659
2.116 3.630
2.120 3.601
2.124 3.573
2.128 3.544
2.132 3.516
2.136 3.488
2.140 3.461
2.144 3.433
2.148 3.406
2.152 3.379
2.156 3.352
2.160 3.326
2.164 3.299
2.168 3.273
2.172 3.247
2.176 3.221
2.180 3.196
2.184 3.170
2.188 3.145
2.192 3.120
2.196 3.096
2.200 3.071
2.204 3.047
2.208 3.022
2.212 2.998
2.216 2.975
2.220 2.951
2.224 2.928
2.228 2.904
2.232 2.881
2.236 2.858
2.240 2.836
2.244 2.813
2.248 2.791
2.252 2.769
2.256 2.747
2.260 2.725
2.264 2.703
2.268 2.682
2.272 2.661
2.276 2.639
2.280 2.619
2.284 2.598
2.288 2.577
2.292 2.557
2.296 2.536
2.300 2.516
2.304 2.496
2.308 2.476
2.312 2.457
2.316 2.437
2.320 2.418
2.324 2.399
2.328 2.380
2.332 2.361
2.336 2.342
2.340 2.323
2.344 2.305
2.348 2.287
2.352 2.268
2.356 2.250
2.360 2.232
2.364 2.215
2.368 2.197
2.372 2.180
2.376 2.162
2.380 2.145
2.384 2.128
2.388 2.111
2.392 2.094
2.396 2.078
2.400 2.061
2.404 2.045
2.408 2.029
2.412 2.013
2.416 1.997
2.420 1.981
2.424 1.965
2.428 1.949
2.432 1.934
2.436 1.918
2.440 1.903
2.444 1.888
2.448 1.873
2.452 1.858
2.456 1.843
2.460 1.829
2.464 1.814
2.468 1.800
2.472 1.785
2.476 1.771
2.480 1.757
2.484 1.743
2.488 1.729
2.492 1.716
2.496 1.702
2.500 1.688
2.504 1.675
2.508 1.662
2.512 1.648
2.516 1.635
2.520 1.622
2.524 1.609
2.528 1.597
2.532 1.584
2.536 1.571
2.540 1.559
2.544 1.546
2.548 1.534
2.552 1.522
2.556 1.510
2.560 1.498
2.564 1.486
2.568 1.474
2.572 1.462
2.576 1.451
2.580 1.439
2.584 1.428
2.588 1.416
2.592 1.405
2.596 1.394
2.600 1.383
2.604 1.372
2.608 1.361
2.612 1.350
2.616 1.339
2.620 1.329
2.624 1.318
2.628 1.308
2.632 1.297
2.636 1.287
2.640 1.277
2.644 1.266
2.648 1.256
2.652 1.246
2.656 1.236
2.660 1.227
2.664 1.217
2.668 1.207
2.672 1.198
2.676 1.188
2.680 1.179
2.684 1.169
2.688 1.160
2.692 1.151
2.696 1.142
2.700 1.132
2.704 1.123
2.708 1.114
2.712 1.106
2.716 1.097
2.720 1.088
2.724 1.079
2.728 1.071
2.732 1.062
2.736 1.054
2.740 1.045
2.744 1.037
2.748 1.029
2.752 1.021
2.756 1.013
2.760 1.004
2.764 0.996
2.768 0.989
2.772 0.981
2.776 0.973
2.780 0.965
2.784 0.957
2.788 0.950
2.792 0.942
2.796 0.935
2.800 0.927
2.804 0.920
2.808 0.913
2.812 0.905
2.816 0.898
2.820 0.891
2.824 0.884
2.828 0.877
2.832 0.870
2.836 0.863
2.840 0.856
2.844 0.849
2.848 0.842
2.852 0.836
2.856 0.829
2.860 0.822
2.864 0.816
2.868 0.809
2.872 0.803
2.876 0.797
2.880 0.790
2.884 0.784
2.888 0.778
2.892 0.772
2.896 0.765
2.900 0.759
2.904 0.753
2.908 0.747
2.912 0.741
2.916 0.735
2.920 0.730
2.924 0.724
2.928 0.718
2.932 0.712
2.936 0.707
2.940 0.701
2.944 0.695
2.948 0.690
2.952 0.684
2.956 0.679
2.960 0.673
2.964 0.668
2.968 0.663
2.972 0.657
2.976 0.652
2.980 0.647
2.984 0.642
2.988 0.637
2.992 0.632
2.996 0.627
3.000 0.622
3.004 0.617
3.008 0.612
3.012 0.607
3.016 0.602
3.020 0.597
3.024 0.593
3.028 0.588
3.032 0.583
3.036 0.578
3.040 0.574
3.044 0.569
3.048 0.565
3.052 0.560
3.056 0.556
3.060 0.551
3.064 0.547
3.068 0.543
3.072 0.538
3.076 0.534
3.080 0.530
3.084 0.526
3.088 0.521
3.092 0.517
3.096 0.513
3.100 0.509
3.104 0.505
3.108 0.501
3.112 0.497
3.116 0.493
3.120 0.489
3.124 0.485
3.128 0.481
3.132 0.477
3.136 0.474
3.140 0.470
3.144 0.466
3.148 0.462
3.152 0.459
3.156 0.455
3.160 0.451
3.164 0.448
3.168 0.444
3.172 0.441
3.176 0.437
3.180 0.434
3.184 0.430
3.188 0.427
3.192 0.423
3.196 0.420
3.200 0.417
3.204 0.413
3.208 0.410
3.212 0.407
3.216 0.404
3.220 0.400
3.224 0.397
3.228 0.394
3.232 0.391
3.236 0.388
3.240 0.385
3.244 0.382
3.248 0.379
3.252 0.375
3.256 0.372
3.260 0.370
3.264 0.367
3.268 0.364
3.272 0.361
3.276 0.358
3.280 0.355
3.284 0.352
3.288 0.349
3.292 0.347
3.296 0.344
3.300 0.341
3.304 0.338
3.308 0.336
3.312 0.333
3.316 0.330
3.320 0.328
3.324 0.325
3.328 0.323
3.332 0.320
3.336 0.317
3.340 0.315
3.344 0.312
3.348 0.310
3.352 0.307
3.356 0.305
3.360 0.302
3.364 0.300
3.368 0.298
3.372 0.295
3.376 0.293
3.380 0.291
3.384 0.288
3.388 0.286
3.392 0.284
3.396 0.281
3.400 0.279
3.404 0.277
3.408 0.275
3.412 0.273
3.416 0.270
3.420 0.268
3.424 0.266
3.428 0.264
3.432 0.262
3.436 0.260
3.440 0.258
3.444 0.256
3.448 0.254
3.452 0.252
3.456 0.250
3.460 0.248
3.464 0.246
3.468 0.244
3.472 0.242
3.476 0.240
3.480 0.238
3.484 0.236
3.488 0.234
3.492 0.232
3.496 0.230
3.500 0.229
3.504 0.227
3.508 0.225
3.512 0.223
3.516 0.221
3.520 0.220
3.524 0.218
3.528 0.216
3.532 0.214
3.536 0.213
3.540 0.211
3.544 0.209
3.548 0.208
3.552 0.206
3.556 0.204
3.560 0.203
3.564 0.201
3.568 0.199
3.572 0.198
3.576 0.196
3.580 0.195
3.584 0.193
3.588 0.192
3.592 0.190
3.596 0.189
3.600 0.187
3.604 0.186
3.608 0.184
3.612 0.183
3.616 0.181
3.620 0.180
3.624 0.178
3.628 0.177
3.632 0.175
3.636 0.174
3.640 0.173
3.644 0.171
3.648 0.170
3.652 0.169
3.656 0.167
3.660 0.166
3.664 0.165
3.668 0.163
3.672 0.162
3.676 0.161
3.680 0.159
3.684 0.158
3.688 0.157
3.692 0.156
3.696 0.154
3.700 0.153
3.704 0.152
3.708 0.151
3.712 0.149
3.716 0.148
3.720 0.147
3.724 0.146
3.728 0.145
3.732 0.144
3.736 0.142
3.740 0.141
3.744 0.140
3.748 0.139
3.752 0.138
3.756 0.137
3.760 0.136
3.764 0.135
3.768 0.134
3.772 0.133
3.776 0.131
3.780 0.130
3.784 0.129
3.788 0.128
3.792 0.127
3.796 0.126
3.800 0.125
3.804 0.124
3.808 0.123
3.812 0.122
3.816 0.121
3.820 0.120
3.824 0.119
3.828 0.118
3.832 0.118
3.836 0.117
3.840 0.116
3.844 0.115
3.848 0.114
3.852 0.113
3.856 0.112
3.860 0.111
3.864 0.110
3.868 0.109
3.872 0.108
3.876 0.108
3.880 0.107
3.884 0.106
3.888 0.105
3.892 0.104
3.896 0.103
3.900 0.103
3.904 0.102
3.908 0.101
3.912 0.100
3.916 0.099
3.920 0.099
3.924 0.098
3.928 0.097
3.932 0.096
3.936 0.095
3.940 0.095
3.944 0.094
3.948 0.093
3.952 0.092
3.956 0.092
3.960 0.091
3.964 0.090
3.968 0.089
3.972 0.089
3.976 0.088
3.980 0.087
3.984 0.087
3.988 0.086
3.992 0.085
3.996 0.085
4.000 0.084
4.004 0.083
4.008 0.083
4.012 0.082
4.016 0.081
4.020 0.081
4.024 0.080
4.028 0.079
4.032 0.079
4.036 0.078
4.040 0.077
4.044 0.077
4.048 0.076
4.052 0.076
4.056 0.075
4.060 0.074
4.064 0.074
4.068 0.073
4.072 0.073
4.076 0.072
4.080 0.071
4.084 0.071
4.088 0.070
4.092 0.070
4.096 0.069
4.100 0.069
4.104 0.068
4.108 0.068
4.112 0.067
4.116 0.066
4.120 0.066
4.124 0.065
4.128 0.065
4.132 0.064
4.136 0.064
4.140 0.063
4.144 0.063
4.148 0.062
4.152 0.062
4.156 0.061
4.160 0.061
4.164 0.060
4.168 0.060
4.172 0.059
4.176 0.059
4.180 0.058
4.184 0.058
4.188 0.058
4.192 0.057
4.196 0.057
4.200 0.056
4.204 0.056
4.208 0.055
4.212 0.055
4.216 0.054
4.220 0.054
4.224 0.054
4.228 0.053
4.232 0.053
4.236 0.052
4.240 0.052
4.244 0.051
4.248 0.051
4.252 0.051
4.256 0.050
4.260 0.050
4.264 0.049
4.268 0.049
4.272 0.049
4.276 0.048
4.280 0.048
4.284 0.047
4.288 0.047
4.292 0.047
4.296 0.046
4.300 0.046
4.304 0.046
4.308 0.045
4.312 0.045
4.316 0.044
4.320 0.044
4.324 0.044
4.328 0.043
4.332 0.043
4.336 0.043
4.340 0.042
4.344 0.042
4.348 0.042
4.352 0.041
4.356 0.041
4.360 0.041
4.364 0.040
4.368 0.040
4.372 0.040
4.376 0.039
4.380 0.039
4.384 0.039
4.388 0.039
4.392 0.038
4.396 0.038
4.400 0.038
4.404 0.037
4.408 0.037
4.412 0.037
4.416 0.036
4.420 0.036
4.424 0.036
4.428 0.036
4.432 0.035
4.436 0.035
4.440 0.035
4.444 0.034
4.448 0.034
4.452 0.034
4.456 0.034
4.460 0.033
4.464 0.033
4.468 0.033
4.472 0.033
4.476 0.032
4.480 0.032
4.484 0.032
4.488 0.031
4.492 0.031
4.496 0.031
4.500 0.031
4.504 0.030
4.508 0.030
4.512 0.030
4.516 0.030
4.520 0.030
4.524 0.029
4.528 0.029
4.532 0.029
4.536 0.029
4.540 0.028
4.544 0.028
4.548 0.028
4.552 0.028
4.556 0.027
4.560 0.027
4.564 0.027
4.568 0.027
4.572 0.027
4.576 0.026
4.580 0.026
4.584 0.026
4.588 0.026
4.592 0.026
4.596 0.025
4.600 0.025
4.604 0.025
4.608 0.025
4.612 0.025
4.616 0.024
4.620 0.024
4.624 0.024
4.628 0.024
4.632 0.024
4.636 0.023
4.640 0.023
4.644 0.023
4.648 0.023
4.652 0.023
4.656 0.022
4.660 0.022
4.664 0.022
4.668 0.022
4.672 0.022
4.676 0.022
4.680 0.021
4.684 0.021
4.688 0.021
4.692 0.021
4.696 0.021
4.700 0.021
4.704 0.020
4.708 0.020
4.712 0.020
4.716 0.020
4.720 0.020
4.724 0.020
4.728 0.019
4.732 0.019
4.736 0.019
4.740 0.019
4.744 0.019
4.748 0.019
4.752 0.019
4.756 0.018
4.760 0.018
4.764 0.018
4.768 0.018
4.772 0.018
4.776 0.018
4.780 0.017
4.784 0.017
4.788 0.017
4.792 0.017
4.796 0.017
4.800 0.017
4.804 0.017
4.808 0.017
4.812 0.016
4.816 0.016
4.820 0.016
4.824 0.016
4.828 0.016
4.832 0.016
4.836 0.016
4.840 0.016
4.844 0.015
4.848 0.015
4.852 0.015
4.856 0.015
4.860 0.015
4.864 0.015
4.868 0.015
4.872 0.015
4.876 0.014
4.880 0.014
4.884 0.014
4.888 0.014
4.892 0.014
4.896 0.014
4.900 0.014
4.904 0.014
4.908 0.014
4.912 0.013
4.916 0.013
4.920 0.013
4.924 0.013
4.928 0.013
4.932 0.013
4.936 0.013
4.940 0.013
4.944 0.013
4.948 0.012
4.952 0.012
4.956 0.012
4.960 0.012
4.964 0.012
4.968 0.012
4.972 0.012
4.976 0.012
4.980 0.012
4.984 0.012
4.988 0.012
4.992 0.011
4.996 0.011
