#z = À=127; B=4; C=8
1.000 -5.674
1.004 -5.521
1.008 -5.374
1.012 -5.230
1.016 -5.091
1.020 -4.957
1.024 -4.826
1.028 -4.699
1.032 -4.576
1.036 -4.456
1.040 -4.340
1.044 -4.228
1.048 -4.119
1.052 -4.013
1.056 -3.910
1.060 -3.810
1.064 -3.713
1.068 -3.619
1.072 -3.527
1.076 -3.439
1.080 -3.352
1.084 -3.269
1.088 -3.187
1.092 -3.108
1.096 -3.031
1.100 -2.957
1.104 -2.884
1.108 -2.814
1.112 -2.745
1.116 -2.678
1.120 -2.614
1.124 -2.551
1.128 -2.490
1.132 -2.430
1.136 -2.372
1.140 -2.316
1.144 -2.261
1.148 -2.208
1.152 -2.156
1.156 -2.106
1.160 -2.057
1.164 -2.009
1.168 -1.963
1.172 -1.918
1.176 -1.874
1.180 -1.831
1.184 -1.790
1.188 -1.749
1.192 -1.710
1.196 -1.671
1.200 -1.634
1.204 -1.598
1.208 -1.562
1.212 -1.528
1.216 -1.494
1.220 -1.461
1.224 -1.430
1.228 -1.399
1.232 -1.368
1.236 -1.339
1.240 -1.310
1.244 -1.282
1.248 -1.255
1.252 -1.228
1.256 -1.202
1.260 -1.177
1.264 -1.152
1.268 -1.128
1.272 -1.105
1.276 -1.082
1.280 -1.060
1.284 -1.038
1.288 -1.017
1.292 -0.997
1.296 -0.976
1.300 -0.957
1.304 -0.938
1.308 -0.919
1.312 -0.901
1.316 -0.883
1.320 -0.866
1.324 -0.849
1.328 -0.832
1.332 -0.816
1.336 -0.800
1.340 -0.785
1.344 -0.770
1.348 -0.755
1.352 -0.741
1.356 -0.727
1.360 -0.713
1.364 -0.700
1.368 -0.687
1.372 -0.674
1.376 -0.662
1.380 -0.650
1.384 -0.638
1.388 -0.626
1.392 -0.615
1.396 -0.604
1.400 -0.593
1.404 -0.582
1.408 -0.572
1.412 -0.562
1.416 -0.552
1.420 -0.542
1.424 -0.533
1.428 -0.524
1.432 -0.515
1.436 -0.506
1.440 -0.497
1.444 -0.489
1.448 -0.480
1.452 -0.472
1.456 -0.464
1.460 -0.457
1.464 -0.449
1.468 -0.442
1.472 -0.434
1.476 -0.427
1.480 -0.420
1.484 -0.413
1.488 -0.407
1.492 -0.400
1.496 -0.394
1.500 -0.388
1.504 -0.381
1.508 -0.375
1.512 -0.370
1.516 -0.364
1.520 -0.358
1.524 -0.353
1.528 -0.347
1.532 -0.342
1.536 -0.337
1.540 -0.331
1.544 -0.326
1.548 -0.322
1.552 -0.317
1.556 -0.312
1.560 -0.307
1.564 -0.303
1.568 -0.298
1.572 -0.294
1.576 -0.290
1.580 -0.286
1.584 -0.282
1.588 -0.277
1.592 -0.274
1.596 -0.270
1.600 -0.266
1.604 -0.262
1.608 -0.258
1.612 -0.255
1.616 -0.251
1.620 -0.248
1.624 -0.244
1.628 -0.241
1.632 -0.238
1.636 -0.235
1.640 -0.231
1.644 -0.228
1.648 -0.225
1.652 -0.222
1.656 -0.219
1.660 -0.216
1.664 -0.213
1.668 -0.211
1.672 -0.208
1.676 -0.205
1.680 -0.203
1.684 -0.200
1.688 -0.197
1.692 -0.195
1.696 -0.192
1.700 -0.190
1.704 -0.188
1.708 -0.185
1.712 -0.183
1.716 -0.181
1.720 -0.178
1.724 -0.176
1.728 -0.174
1.732 -0.172
1.736 -0.170
1.740 -0.168
1.744 -0.166
1.748 -0.164
1.752 -0.162
1.756 -0.160
1.760 -0.158
1.764 -0.156
1.768 -0.154
1.772 -0.152
1.776 -0.151
1.780 -0.149
1.784 -0.147
1.788 -0.145
1.792 -0.144
1.796 -0.142
1.800 -0.140
1.804 -0.139
1.808 -0.137
1.812 -0.136
1.816 -0.134
1.820 -0.133
1.824 -0.131
1.828 -0.130
1.832 -0.128
1.836 -0.127
1.840 -0.125
1.844 -0.124
1.848 -0.123
1.852 -0.121
1.856 -0.120
1.860 -0.119
1.864 -0.117
1.868 -0.116
1.872 -0.115
1.876 -0.114
1.880 -0.112
1.884 -0.111
1.888 -0.110
1.892 -0.109
1.896 -0.108
1.900 -0.106
1.904 -0.105
1.908 -0.104
1.912 -0.103
1.916 -0.102
1.920 -0.101
1.924 -0.100
1.928 -0.099
1.932 -0.098
1.936 -0.097
1.940 -0.096
1.944 -0.095
1.948 -0.094
1.952 -0.093
1.956 -0.092
1.960 -0.091
1.964 -0.090
1.968 -0.089
1.972 -0.088
1.976 -0.087
1.980 -0.087
1.984 -0.086
1.988 -0.085
1.992 -0.084
1.996 -0.083
2.000 -0.082
2.004 -0.082
2.008 -0.081
2.012 -0.080
2.016 -0.079
2.020 -0.078
2.024 -0.078
2.028 -0.077
2.032 -0.076
2.036 -0.075
2.040 -0.075
2.044 -0.074
2.048 -0.073
2.052 -0.073
2.056 -0.072
2.060 -0.071
2.064 -0.070
2.068 -0.070
2.072 -0.069
2.076 -0.069
2.080 -0.068
2.084 -0.067
2.088 -0.067
2.092 -0.066
2.096 -0.065
2.100 -0.065
2.104 -0.064
2.108 -0.064
2.112 -0.063
2.116 -0.062
2.120 -0.062
2.124 -0.061
2.128 -0.061
2.132 -0.060
2.136 -0.060
2.140 -0.059
2.144 -0.058
2.148 -0.058
2.152 -0.057
2.156 -0.057
2.160 -0.056
2.164 -0.056
2.168 -0.055
2.172 -0.055
2.176 -0.054
2.180 -0.054
2.184 -0.053
2.188 -0.053
2.192 -0.052
2.196 -0.052
2.200 -0.051
2.204 -0.051
2.208 -0.051
2.212 -0.050
2.216 -0.050
2.220 -0.049
2.224 -0.049
2.228 -0.048
2.232 -0.048
2.236 -0.047
2.240 -0.047
2.244 -0.047
2.248 -0.046
2.252 -0.046
2.256 -0.045
2.260 -0.045
2.264 -0.045
2.268 -0.044
2.272 -0.044
2.276 -0.043
2.280 -0.043
2.284 -0.043
2.288 -0.042
2.292 -0.042
2.296 -0.042
2.300 -0.041
2.304 -0.041
2.308 -0.041
2.312 -0.040
2.316 -0.040
2.320 -0.039
2.324 -0.039
2.328 -0.039
2.332 -0.038
2.336 -0.038
2.340 -0.038
2.344 -0.037
2.348 -0.037
2.352 -0.037
2.356 -0.037
2.360 -0.036
2.364 -0.036
2.368 -0.036
2.372 -0.035
2.376 -0.035
2.380 -0.035
2.384 -0.034
2.388 -0.034
2.392 -0.034
2.396 -0.034
2.400 -0.033
2.404 -0.033
2.408 -0.033
2.412 -0.032
2.416 -0.032
2.420 -0.032
2.424 -0.032
2.428 -0.031
2.432 -0.031
2.436 -0.031
2.440 -0.031
2.444 -0.030
2.448 -0.030
2.452 -0.030
2.456 -0.030
2.460 -0.029
2.464 -0.029
2.468 -0.029
2.472 -0.029
2.476 -0.028
2.480 -0.028
2.484 -0.028
2.488 -0.028
2.492 -0.027
2.496 -0.027
2.500 -0.027
2.504 -0.027
2.508 -0.027
2.512 -0.026
2.516 -0.026
2.520 -0.026
2.524 -0.026
2.528 -0.025
2.532 -0.025
2.536 -0.025
2.540 -0.025
2.544 -0.025
2.548 -0.024
2.552 -0.024
2.556 -0.024
2.560 -0.024
2.564 -0.024
2.568 -0.024
2.572 -0.023
2.576 -0.023
2.580 -0.023
2.584 -0.023
2.588 -0.023
2.592 -0.022
2.596 -0.022
2.600 -0.022
2.604 -0.022
2.608 -0.022
2.612 -0.022
2.616 -0.021
2.620 -0.021
2.624 -0.021
2.628 -0.021
2.632 -0.021
2.636 -0.021
2.640 -0.020
2.644 -0.020
2.648 -0.020
2.652 -0.020
2.656 -0.020
2.660 -0.020
2.664 -0.019
2.668 -0.019
2.672 -0.019
2.676 -0.019
2.680 -0.019
2.684 -0.019
2.688 -0.018
2.692 -0.018
2.696 -0.018
2.700 -0.018
2.704 -0.018
2.708 -0.018
2.712 -0.018
2.716 -0.018
2.720 -0.017
2.724 -0.017
2.728 -0.017
2.732 -0.017
2.736 -0.017
2.740 -0.017
2.744 -0.017
2.748 -0.016
2.752 -0.016
2.756 -0.016
2.760 -0.016
2.764 -0.016
2.768 -0.016
2.772 -0.016
2.776 -0.016
2.780 -0.015
2.784 -0.015
2.788 -0.015
2.792 -0.015
2.796 -0.015
2.800 -0.015
2.804 -0.015
2.808 -0.015
2.812 -0.015
2.816 -0.014
2.820 -0.014
2.824 -0.014
2.828 -0.014
2.832 -0.014
2.836 -0.014
2.840 -0.014
2.844 -0.014
2.848 -0.014
2.852 -0.013
2.856 -0.013
2.860 -0.013
2.864 -0.013
2.868 -0.013
2.872 -0.013
2.876 -0.013
2.880 -0.013
2.884 -0.013
2.888 -0.013
2.892 -0.012
2.896 -0.012
2.900 -0.012
2.904 -0.012
2.908 -0.012
2.912 -0.012
2.916 -0.012
2.920 -0.012
2.924 -0.012
2.928 -0.012
2.932 -0.012
2.936 -0.011
2.940 -0.011
2.944 -0.011
2.948 -0.011
2.952 -0.011
2.956 -0.011
2.960 -0.011
2.964 -0.011
2.968 -0.011
2.972 -0.011
2.976 -0.011
2.980 -0.011
2.984 -0.011
2.988 -0.010
2.992 -0.010
2.996 -0.010
3.000 -0.010
3.004 -0.010
3.008 -0.010
3.012 -0.010
3.016 -0.010
3.020 -0.010
3.024 -0.010
3.028 -0.010
3.032 -0.010
3.036 -0.010
3.040 -0.009
3.044 -0.009
3.048 -0.009
3.052 -0.009
3.056 -0.009
3.060 -0.009
3.064 -0.009
3.068 -0.009
3.072 -0.009
3.076 -0.009
3.080 -0.009
3.084 -0.009
3.088 -0.009
3.092 -0.009
3.096 -0.009
3.100 -0.008
3.104 -0.008
3.108 -0.008
3.112 -0.008
3.116 -0.008
3.120 -0.008
3.124 -0.008
3.128 -0.008
3.132 -0.008
3.136 -0.008
3.140 -0.008
3.144 -0.008
3.148 -0.008
3.152 -0.008
3.156 -0.008
3.160 -0.008
3.164 -0.008
3.168 -0.008
3.172 -0.007
3.176 -0.007
3.180 -0.007
3.184 -0.007
3.188 -0.007
3.192 -0.007
3.196 -0.007
3.200 -0.007
3.204 -0.007
3.208 -0.007
3.212 -0.007
3.216 -0.007
3.220 -0.007
3.224 -0.007
3.228 -0.007
3.232 -0.007
3.236 -0.007
3.240 -0.007
3.244 -0.007
3.248 -0.007
3.252 -0.006
3.256 -0.006
3.260 -0.006
3.264 -0.006
3.268 -0.006
3.272 -0.006
3.276 -0.006
3.280 -0.006
3.284 -0.006
3.288 -0.006
3.292 -0.006
3.296 -0.006
3.300 -0.006
3.304 -0.006
3.308 -0.006
3.312 -0.006
3.316 -0.006
3.320 -0.006
3.324 -0.006
3.328 -0.006
3.332 -0.006
3.336 -0.006
3.340 -0.006
3.344 -0.006
3.348 -0.005
3.352 -0.005
3.356 -0.005
3.360 -0.005
3.364 -0.005
3.368 -0.005
3.372 -0.005
3.376 -0.005
3.380 -0.005
3.384 -0.005
3.388 -0.005
3.392 -0.005
3.396 -0.005
3.400 -0.005
3.404 -0.005
3.408 -0.005
3.412 -0.005
3.416 -0.005
3.420 -0.005
3.424 -0.005
3.428 -0.005
3.432 -0.005
3.436 -0.005
3.440 -0.005
3.444 -0.005
3.448 -0.005
3.452 -0.005
3.456 -0.005
3.460 -0.005
3.464 -0.005
3.468 -0.004
3.472 -0.004
3.476 -0.004
3.480 -0.004
3.484 -0.004
3.488 -0.004
3.492 -0.004
3.496 -0.004
3.500 -0.004
3.504 -0.004
3.508 -0.004
3.512 -0.004
3.516 -0.004
3.520 -0.004
3.524 -0.004
3.528 -0.004
3.532 -0.004
3.536 -0.004
3.540 -0.004
3.544 -0.004
3.548 -0.004
3.552 -0.004
3.556 -0.004
3.560 -0.004
3.564 -0.004
3.568 -0.004
3.572 -0.004
3.576 -0.004
3.580 -0.004
3.584 -0.004
3.588 -0.004
3.592 -0.004
3.596 -0.004
3.600 -0.004
3.604 -0.004
3.608 -0.004
3.612 -0.004
3.616 -0.004
3.620 -0.003
3.624 -0.003
3.628 -0.003
3.632 -0.003
3.636 -0.003
3.640 -0.003
3.644 -0.003
3.648 -0.003
3.652 -0.003
3.656 -0.003
3.660 -0.003
3.664 -0.003
3.668 -0.003
3.672 -0.003
3.676 -0.003
3.680 -0.003
3.684 -0.003
3.688 -0.003
3.692 -0.003
3.696 -0.003
3.700 -0.003
3.704 -0.003
3.708 -0.003
3.712 -0.003
3.716 -0.003
3.720 -0.003
3.724 -0.003
3.728 -0.003
3.732 -0.003
3.736 -0.003
3.740 -0.003
3.744 -0.003
3.748 -0.003
3.752 -0.003
3.756 -0.003
3.760 -0.003
3.764 -0.003
3.768 -0.003
3.772 -0.003
3.776 -0.003
3.780 -0.003
3.784 -0.003
3.788 -0.003
3.792 -0.003
3.796 -0.003
3.800 -0.003
3.804 -0.003
3.808 -0.003
3.812 -0.003
3.816 -0.003
3.820 -0.003
3.824 -0.003
3.828 -0.003
3.832 -0.002
3.836 -0.002
3.840 -0.002
3.844 -0.002
3.848 -0.002
3.852 -0.002
3.856 -0.002
3.860 -0.002
3.864 -0.002
3.868 -0.002
3.872 -0.002
3.876 -0.002
3.880 -0.002
3.884 -0.002
3.888 -0.002
3.892 -0.002
3.896 -0.002
3.900 -0.002
3.904 -0.002
3.908 -0.002
3.912 -0.002
3.916 -0.002
3.920 -0.002
3.924 -0.002
3.928 -0.002
3.932 -0.002
3.936 -0.002
3.940 -0.002
3.944 -0.002
3.948 -0.002
3.952 -0.002
3.956 -0.002
3.960 -0.002
3.964 -0.002
3.968 -0.002
3.972 -0.002
3.976 -0.002
3.980 -0.002
3.984 -0.002
3.988 -0.002
3.992 -0.002
3.996 -0.002
4.000 -0.002
4.004 -0.002
4.008 -0.002
4.012 -0.002
4.016 -0.002
4.020 -0.002
4.024 -0.002
4.028 -0.002
4.032 -0.002
4.036 -0.002
4.040 -0.002
4.044 -0.002
4.048 -0.002
4.052 -0.002
4.056 -0.002
4.060 -0.002
4.064 -0.002
4.068 -0.002
4.072 -0.002
4.076 -0.002
4.080 -0.002
4.084 -0.002
4.088 -0.002
4.092 -0.002
4.096 -0.002
4.100 -0.002
4.104 -0.002
4.108 -0.002
4.112 -0.002
4.116 -0.002
4.120 -0.002
4.124 -0.002
4.128 -0.002
4.132 -0.002
4.136 -0.002
4.140 -0.002
4.144 -0.002
4.148 -0.002
4.152 -0.002
4.156 -0.002
4.160 -0.002
4.164 -0.002
4.168 -0.002
4.172 -0.002
4.176 -0.002
4.180 -0.001
4.184 -0.001
4.188 -0.001
4.192 -0.001
4.196 -0.001
4.200 -0.001
4.204 -0.001
4.208 -0.001
4.212 -0.001
4.216 -0.001
4.220 -0.001
4.224 -0.001
4.228 -0.001
4.232 -0.001
4.236 -0.001
4.240 -0.001
4.244 -0.001
4.248 -0.001
4.252 -0.001
4.256 -0.001
4.260 -0.001
4.264 -0.001
4.268 -0.001
4.272 -0.001
4.276 -0.001
4.280 -0.001
4.284 -0.001
4.288 -0.001
4.292 -0.001
4.296 -0.001
4.300 -0.001
4.304 -0.001
4.308 -0.001
4.312 -0.001
4.316 -0.001
4.320 -0.001
4.324 -0.001
4.328 -0.001
4.332 -0.001
4.336 -0.001
4.340 -0.001
4.344 -0.001
4.348 -0.001
4.352 -0.001
4.356 -0.001
4.360 -0.001
4.364 -0.001
4.368 -0.001
4.372 -0.001
4.376 -0.001
4.380 -0.001
4.384 -0.001
4.388 -0.001
4.392 -0.001
4.396 -0.001
4.400 -0.001
4.404 -0.001
4.408 -0.001
4.412 -0.001
4.416 -0.001
4.420 -0.001
4.424 -0.001
4.428 -0.001
4.432 -0.001
4.436 -0.001
4.440 -0.001
4.444 -0.001
4.448 -0.001
4.452 -0.001
4.456 -0.001
4.460 -0.001
4.464 -0.001
4.468 -0.001
4.472 -0.001
4.476 -0.001
4.480 -0.001
4.484 -0.001
4.488 -0.001
4.492 -0.001
4.496 -0.001
4.500 -0.001
4.504 -0.001
4.508 -0.001
4.512 -0.001
4.516 -0.001
4.520 -0.001
4.524 -0.001
4.528 -0.001
4.532 -0.001
4.536 -0.001
4.540 -0.001
4.544 -0.001
4.548 -0.001
4.552 -0.001
4.556 -0.001
4.560 -0.001
4.564 -0.001
4.568 -0.001
4.572 -0.001
4.576 -0.001
4.580 -0.001
4.584 -0.001
4.588 -0.001
4.592 -0.001
4.596 -0.001
4.600 -0.001
4.604 -0.001
4.608 -0.001
4.612 -0.001
4.616 -0.001
4.620 -0.001
4.624 -0.001
4.628 -0.001
4.632 -0.001
4.636 -0.001
4.640 -0.001
4.644 -0.001
4.648 -0.001
4.652 -0.001
4.656 -0.001
4.660 -0.001
4.664 -0.001
4.668 -0.001
4.672 -0.001
4.676 -0.001
4.680 -0.001
4.684 -0.001
4.688 -0.001
4.692 -0.001
4.696 -0.001
4.700 -0.001
4.704 -0.001
4.708 -0.001
4.712 -0.001
4.716 -0.001
4.720 -0.001
4.724 -0.001
4.728 -0.001
4.732 -0.001
4.736 -0.001
4.740 -0.001
4.744 -0.001
4.748 -0.001
4.752 -0.001
4.756 -0.001
4.760 -0.001
4.764 -0.001
4.768 -0.001
4.772 -0.001
4.776 -0.001
4.780 -0.001
4.784 -0.001
4.788 -0.001
4.792 -0.001
4.796 -0.001
4.800 -0.001
4.804 -0.001
4.808 -0.001
4.812 -0.001
4.816 -0.001
4.820 -0.001
4.824 -0.001
4.828 -0.001
4.832 -0.001
4.836 -0.001
4.840 -0.001
4.844 -0.001
4.848 -0.001
4.852 -0.001
4.856 -0.001
4.860 -0.001
4.864 -0.001
4.868 -0.001
4.872 -0.001
4.876 -0.001
4.880 -0.001
4.884 -0.001
4.888 -0.001
4.892 -0.001
4.896 -0.001
4.900 -0.001
4.904 -0.001
4.908 -0.001
4.912 -0.001
4.916 -0.001
4.920 -0.001
4.924 -0.001
4.928 -0.001
4.932 -0.001
4.936 -0.001
4.940 -0.001
4.944 -0.001
4.948 -0.001
4.952 -0.001
4.956 -0.001
4.960 -0.001
4.964 -0.001
4.968 -0.001
4.972 -0.001
4.976 -0.001
4.980 -0.001
4.984 -0.001
4.988 -0.001
4.992 -0.001
4.996 -0.001
